10
228197 11 312496 17 172792 13 501288 19 432628 3 753350 16 306827 2 769004 11 392254 10 1251 1 
P306827 306827 0 306827
P432628 306827 0 432628
P228197 306827 0 228197
P392254 432628 4 312496
P1251 306827 1 228197
P753350 769004 6 312496
P312496 769004 0 312496
P392254 392254 0 392254
P392254 769004 4 312496
P769004 306827 1 432628
P769004 432628 0 769004
A769004 0 769004
P392254 306827 1 1251
P432628 432628 0 432628
P172792 172792 0 172792
P392254 312496 0 392254
P392254 228197 0 392254
P312496 769004 0 312496
P753350 769004 5 312496
P312496 769004 0 312496
A392254 0 392254
P312496 306827 1 769004
A392254 0 392254
A753350 0 753350
A769004 0 769004
P312496 769004 0 312496
P228197 769004 2 312496
P306827 306827 0 306827
P228197 228197 0 228197
A312496 0 312496
A753350 0 753350
P501288 501288 0 501288
P392254 172792 0 392254
P312496 769004 0 312496
P753350 769004 1 501288
A753350 0 753350
P501288 501288 0 501288
P392254 228197 0 392254
P228197 312496 0 228197
A312496 0 312496
A312496 0 312496
P769004 769004 0 769004
P753350 392254 1 501288
P392254 172792 1 228197
P228197 769004 2 312496
P753350 753350 0 753350
P769004 769004 0 769004
P753350 501288 0 753350
P312496 312496 0 312496
P392254 172792 1 228197
P312496 769004 0 312496
P228197 769004 2 312496
P172792 312496 0 172792
P312496 312496 0 312496
P228197 172792 0 228197
P312496 312496 0 312496
P501288 172792 1 392254
P228197 312496 1 172792
P312496 312496 0 312496
P501288 172792 0 501288
