50
369643 2 85882 2 727843 11 726562 14 434904 0 17892 19 570957 0 253295 10 737040 14 751104 2 226136 17 750594 18 127399 13 521849 7 68841 4 217031 19 559232 13 37850 4 263233 15 579511 5 874087 8 703237 4 720133 8 808920 6 93872 13 222148 11 911984 7 46956 3 179502 14 16077 19 677372 19 180192 10 789709 13 204596 14 873056 14 684234 4 174523 16 378572 10 328520 8 95096 6 349211 13 658595 9 349279 6 162112 16 475905 13 613876 6 673869 14 58913 6 676765 4 32360 4 
P263233 703237 3 328520
P751104 93872 12 58913
P677372 369643 7 676765
A521849 0 521849
P684234 32360 6 58913
P95096 95096 0 95096
P676765 475905 0 676765
P349279 263233 11 349211
P677372 677372 0 677372
P658595 677372 3 217031
P127399 162112 10 720133
P46956 369643 0 46956
P46956 162112 0 46956
P677372 179502 3 204596
P703237 179502 0 703237
P93872 162112 0 93872
P475905 475905 0 475905
A378572 0 378572
P789709 32360 35 475905
P46956 180192 0 46956
P253295 85882 3 378572
P349279 328520 26 174523
P93872 204596 0 93872
A222148 0 222148
P613876 179502 29 263233
P263233 32360 11 37850
P378572 179502 2 226136
A751104 0 751104
P703237 475905 6 180192
P174523 204596 5 328520
P93872 673869 2 703237
P676765 180192 1 162112
P677372 328520 0 677372
P911984 579511 1 127399
P162112 32360 5 475905
P349211 579511 6 127399
P253295 475905 22 179502
P369643 179502 0 369643
P217031 32360 27 204596
P613876 58913 4 658595
A684234 0 684234
P579511 204596 9 677372
P378572 179502 16 37850
P263233 559232 0 263233
P16077 93872 17 727843
P613876 579511 8 684234
P58913 911984 1 874087
A658595 0 658595
P58913 808920 0 58913
P226136 726562 16 369643
P68841 677372 15 378572
P727843 720133 4 378572
A162112 0 162112
A37850 0 37850
P475905 726562 0 475905
P328520 726562 1 93872
P579511 475905 9 677372
P263233 37850 10 162112
P673869 673869 0 673869
P17892 180192 9 874087
P789709 475905 12 579511
P789709 174523 3 222148
P676765 676765 0 676765
P174523 174523 0 174523
P720133 720133 0 720133
P658595 222148 4 684234
P180192 726562 2 475905
P475905 726562 0 475905
P253295 873056 0 253295
P720133 37850 1 263233
P911984 253295 3 727843
P684234 874087 4 349211
P349211 162112 3 874087
A222148 0 222148
P613876 726562 31 677372
P751104 127399 15 911984
P808920 579511 3 521849
A217031 0 217031
P95096 179502 0 95096
P658595 32360 15 521849
P677372 475905 11 179502
A174523 0 174523
P613876 873056 21 253295
A658595 0 658595
P127399 93872 2 727843
P127399 263233 2 727843
A737040 0 737040
P475905 475905 0 475905
P727843 263233 7 174523
P726562 32360 0 726562
P613876 521849 6 17892
P204596 673869 0 204596
P180192 180192 0 180192
P349211 673869 2 58913
P226136 703237 1 174523
P676765 32360 2 37850
P613876 17892 3 16077
P17892 93872 12 127399
P677372 676765 3 204596
P676765 32360 5 475905
P789709 673869 19 263233
P703237 32360 9 726562
A658595 0 658595
P677372 677372 0 677372
P684234 873056 10 127399
P789709 559232 3 222148
A253295 0 253295
P349211 174523 14 226136
P263233 726562 12 180192
P174523 328520 3 559232
P677372 475905 9 37850
P808920 180192 8 378572
P579511 378572 0 579511
P226136 162112 8 204596
P85882 677372 0 85882
P475905 726562 0 475905
P475905 475905 0 475905
A378572 0 378572
P349211 808920 0 349211
A204596 0 204596
P727843 263233 6 226136
P93872 475905 5 676765
A16077 0 16077
P727843 673869 2 579511
P328520 93872 0 328520
P613876 93872 21 253295
P263233 559232 0 263233
P911984 226136 6 873056
P226136 703237 2 720133
P475905 32360 1 726562
P720133 263233 0 720133
A727843 0 727843
P349211 263233 11 873056
P263233 559232 0 263233
P32360 32360 0 32360
P93872 179502 2 703237
P727843 204596 9 263233
A328520 0 328520
P328520 726562 1 93872
P95096 95096 0 95096
A174523 0 174523
A521849 0 521849
P808920 179502 15 677372
P17892 93872 16 579511
A174523 0 174523
P85882 328520 3 720133
A808920 0 808920
P726562 726562 0 726562
P613876 521849 13 222148
P217031 226136 10 911984
P93872 726562 8 475905
P789709 253295 6 808920
P58913 521849 0 58913
P95096 95096 0 95096
P17892 17892 0 17892
P613876 475905 33 93872
P475905 726562 0 475905
P703237 180192 3 162112
P93872 93872 0 93872
P751104 217031 2 658595
P263233 475905 4 93872
P684234 349211 1 68841
P349211 677372 10 579511
P93872 726562 8 475905
P684234 378572 8 808920
P204596 673869 0 204596
A93872 0 93872
P613876 162112 33 204596
P93872 726562 0 93872
A222148 0 222148
P162112 179502 0 162112
P559232 95096 6 673869
P378572 174523 2 226136
P677372 703237 3 204596
P85882 204596 5 559232
P559232 559232 0 559232
P673869 179502 1 95096
P328520 162112 0 328520
P789709 521849 1 750594
P703237 179502 1 673869
P127399 720133 6 85882
P673869 726562 0 673869
P180192 32360 1 179502
P263233 179502 4 93872
P179502 32360 1 726562
P726562 726562 0 726562
P58913 673869 13 263233
P808920 328520 12 559232
P328520 93872 0 328520
A559232 0 559232
P751104 328520 2 658595
P378572 179502 7 328520
P677372 180192 2 93872
P222148 226136 10 378572
P95096 95096 0 95096
P174523 703237 0 174523
P703237 32360 1 673869
P58913 93872 9 378572
P684234 222148 4 349211
P263233 263233 0 263233
P93872 179502 3 673869
P808920 808920 0 808920
A727843 0 727843
P17892 222148 0 17892
P808920 677372 1 911984
P378572 720133 2 174523
A204596 0 204596
P703237 32360 1 673869
A16077 0 16077
P174523 726562 4 677372
A808920 0 808920
P17892 727843 5 750594
P559232 559232 0 559232
P17892 727843 5 750594
P751104 684234 3 737040
P751104 204596 21 378572
A789709 0 789709
P521849 226136 0 521849
P658595 789709 5 68841
P521849 873056 0 521849
P751104 737040 1 16077
P58913 93872 14 559232
P253295 328520 1 873056
P727843 162112 5 174523
A726562 0 726562
P263233 559232 0 263233
P17892 226136 6 349211
P789709 750594 0 789709
A263233 0 263233
A174523 0 174523
A673869 0 673869
P677372 204596 2 93872
P677372 726562 1 328520
P613876 349279 0 613876
P93872 703237 0 93872
P684234 263233 11 521849
P349211 180192 20 204596
P677372 162112 1 328520
P559232 726562 3 204596
P174523 32360 12 726562
P789709 789709 0 789709
P726562 32360 0 726562
P673869 32360 1 162112
A658595 0 658595
A180192 0 180192
A658595 0 658595
P93872 703237 0 93872
A16077 0 16077
P613876 226136 1 349279
A808920 0 808920
P684234 127399 0 684234
P727843 180192 12 673869
P127399 727843 0 127399
P789709 179502 7 911984
P751104 263233 17 521849
P349211 874087 1 222148
P737040 727843 4 68841
P263233 703237 1 559232
P658595 658595 0 658595
P68841 378572 11 727843
P874087 127399 0 874087
P162112 32360 3 726562
P751104 703237 0 751104
A658595 0 658595
P127399 703237 7 174523
P263233 677372 1 559232
A162112 0 162112
A127399 0 127399
P703237 726562 3 180192
P17892 808920 8 58913
P174523 726562 6 703237
P521849 677372 6 174523
P658595 204596 16 253295
P349211 521849 2 874087
P751104 253295 5 217031
A349279 0 349279
P253295 559232 4 174523
P874087 378572 4 521849
P349211 174523 8 873056
A204596 0 204596
P263233 204596 2 677372
P677372 180192 3 162112
P873056 559232 4 720133
P808920 677372 1 911984
P808920 263233 9 720133
P727843 32360 15 726562
P808920 673869 1 911984
P68841 789709 0 68841
P349279 263233 6 217031
P684234 174523 2 750594
P217031 808920 0 217031
P720133 726562 6 162112
A16077 0 16077
P750594 677372 7 727843
P808920 226136 5 873056
P378572 32360 8 673869
P222148 559232 11 720133
A378572 0 378572
A174523 0 174523
A349279 0 349279
